[gd_scene load_steps=12 format=3 uid="uid://b732tbomyalj3"]

[ext_resource type="Texture2D" uid="uid://1wtidpdh7acx" path="res://fondocard.jpg" id="1_28uw7"]
[ext_resource type="Texture2D" uid="uid://ddh7vgrdmursh" path="res://perro1.jpg" id="2_hd4u6"]

[sub_resource type="StandardMaterial3D" id="StandardMaterial3D_cnyrs"]
resource_local_to_scene = true
albedo_texture = ExtResource("1_28uw7")
albedo_texture_force_srgb = true

[sub_resource type="BoxMesh" id="BoxMesh_52kn5"]
material = SubResource("StandardMaterial3D_cnyrs")
size = Vector3(0.5, 0.7, 0.01)

[sub_resource type="StandardMaterial3D" id="StandardMaterial3D_hrbxk"]
albedo_texture = ExtResource("2_hd4u6")

[sub_resource type="QuadMesh" id="QuadMesh_0m330"]
resource_local_to_scene = true
material = SubResource("StandardMaterial3D_hrbxk")
size = Vector2(0.4, 0.4)

[sub_resource type="World3D" id="World3D_vtdl8"]

[sub_resource type="StandardMaterial3D" id="StandardMaterial3D_hhtfl"]
albedo_color = Color(0.411765, 0.411765, 0.411765, 1)

[sub_resource type="BoxMesh" id="BoxMesh_h62c2"]
material = SubResource("StandardMaterial3D_hhtfl")
flip_faces = true
size = Vector3(0.4, 0.4, 0.4)

[sub_resource type="StandardMaterial3D" id="StandardMaterial3D_hdpux"]
albedo_color = Color(0.552941, 0.447059, 0.917647, 1)

[sub_resource type="BoxMesh" id="BoxMesh_6y7jk"]
material = SubResource("StandardMaterial3D_hdpux")
size = Vector3(0.1, 0.1, 0.1)

[node name="Main" type="Node3D"]

[node name="Card3" type="MeshInstance3D" parent="."]
transform = Transform3D(1, 0, 0, 0, 1, 0, 0, 0, 1, 0.296679, -0.0165214, 0.00706464)
cast_shadow = 0
mesh = SubResource("BoxMesh_52kn5")

[node name="Window" type="MeshInstance3D" parent="Card3"]
transform = Transform3D(1, 0, 0, 0, 1, 0, 0, 0, 1, 0, 0.106283, 0.00668727)
mesh = SubResource("QuadMesh_0m330")

[node name="WindowView" type="SubViewport" parent="Card3/Window"]
own_world_3d = true
world_3d = SubResource("World3D_vtdl8")
size = Vector2i(2, 2)
render_target_update_mode = 4

[node name="Camera3D" type="Camera3D" parent="Card3/Window/WindowView"]
transform = Transform3D(1, 0, 0, 0, 0.988423, 0.151727, 0, -0.151727, 0.988423, 0, 0.14784, 0.910994)
cull_mask = 1024

[node name="Origin" type="Node3D" parent="Card3/Window/WindowView"]
transform = Transform3D(1, 0, 0, 0, 1, 0, 0, 0, 1, 0.296679, 0.0897616, 0.0137519)

[node name="Room" type="MeshInstance3D" parent="Card3/Window/WindowView/Origin"]
transform = Transform3D(1, 0, 0, 0, 1, 0, 0, 0, 1, 0, 0, -0.193669)
layers = 1024
cast_shadow = 0
mesh = SubResource("BoxMesh_h62c2")
skeleton = NodePath("../../..")

[node name="MeshInstance3D" type="MeshInstance3D" parent="Card3/Window/WindowView/Origin/Room"]
transform = Transform3D(0.828881, 0, 0.559424, 0, 1, 0, -0.559424, 0, 0.828881, -0.0674063, -0.135413, 0.042927)
layers = 1024
mesh = SubResource("BoxMesh_6y7jk")

[node name="MeshInstance3D2" type="MeshInstance3D" parent="Card3/Window/WindowView/Origin/Room"]
transform = Transform3D(0.87146, 0.198839, -0.448353, 0.049889, 0.873458, 0.484337, 0.487923, -0.444448, 0.751264, 0.113585, 0.0478272, 0.0287081)
layers = 1024
mesh = SubResource("BoxMesh_6y7jk")

[node name="MeshInstance3D3" type="MeshInstance3D" parent="Card3/Window/WindowView/Origin/Room"]
transform = Transform3D(0.668247, -0.389596, 0.633768, 0.049889, 0.873458, 0.484337, -0.742265, -0.292038, 0.603122, 0.105015, -0.113871, -0.0826826)
layers = 1024
mesh = SubResource("BoxMesh_6y7jk")

[node name="MeshInstance3D4" type="MeshInstance3D" parent="Card3/Window/WindowView/Origin/Room"]
transform = Transform3D(0.575294, 0.600233, 0.555659, -0.6905, -0.00776735, 0.72329, 0.438459, -0.799787, 0.409993, -0.0991928, 0.0861498, -0.0771468)
layers = 1024
mesh = SubResource("BoxMesh_6y7jk")

[node name="DirectionalLight3D6" type="DirectionalLight3D" parent="Card3/Window/WindowView"]
transform = Transform3D(-0.04536, -0.660633, 0.749337, 0.132196, 0.739543, 0.66, -0.990185, 0.128997, 0.0537874, 0.221995, 0, 0.485005)
layers = 1024
shadow_enabled = true
